0	1	0	120	0.5		2	1 	49
0	0
1	0	0	180	0.5		2	2	8
0	0
2	1	0	14	0.2		2	9	3
0	0
3	0	0	14	0.5		2	10	4
0	0
4	1	0	7	0.5		2	11	5
0	0
5	0	10	21	0.5		2	6	28
0	0
6	0	0	30	0.4		2	12	7
0	0
7	1	0	7	0.75	2	13	14
0	0
8	0	0	30	0.8		0
0	0
9	0	1000	14	0.5		0
0	0
10	0	0	30	0.5		0
0	0
11	0	150	14	0.5		0
0	0
12	0	-10	14	0.25	0
0	0
13	0	100	7	0.5		0
0	0
14	0	20	7	0.5		2	15	23
0	0
15	0	0	90	0.5		2	16	17
0	0
16	0	-30	14	0.15	0
0	0
17	1	0	7	0.85	2	19	18
0	0
18	0	100	7	0.5	0
0	0
19	0	10	7	0.5	3	20	22 45
0	0
20	0	-40	120	0.69	0
0	0
21	0	-40	120	0.69	0
0	0
22	2	0	120	0.01	0
0	0
23	1	0	90	0.5		3	24	26	25
0	0
24	0	200	14	0.5		0
0	0
25	2	0	14	0.5		0
0	0
26	0	10	14	0.5		3	21	27 46
0	0
27	2	0	120	0.01	0
0	0
28	1	0	30	0.6	3	29	30	31
0	0
29	0	150	14	0.5		0
0	0
30	2	0	14	0.5		0
0	0
31	0	20	14	0.5		2	32	39
0	0
32	0	0	90	0.5		2	33	34
0	0
33	0	-30	14	0.15	0
0	0
34	1	0	7	0.85	2	35	36
0	0
35	0	100	7	0.5		0
0	0
36	0	10	7	0.5		3	37	38 48
0	0
37	2	0	120	0.35	0
0	0
38	0	-40	120	0.35	0
0	0
39	1	0	90	0.5		3	41	42 40
0	0
40	0	200	14	0.5		0
0	0
41	2	0	14	0.5		0
0	0
42	0	10	14	0.5	3	43	44 47
0	0
43	2	0	120	0.35	0
0	0
44	0	-40	120	0.35	0
0	0
45	0	20	120	0.3		0
14	2
46	0	20	120	0.3		0
14	2
47	0	20	120	0.3		0
31	2
48	0	20	120	0.3		0
31	2
49	0	0	630	0.5		2 50 105
0	0
50	0	0	30	0.9		0
0	0
105	0	10	28	0.1		2	106	128
0	0
106	0	0	30	0.4		2	112	107
0	0
107	1	0	7	0.75	2	113	114
0	0
112	0	-10	14	0.25	0
0	0
113	0	100	7	0.5		0
0	0
114	0	20	7	0.5		2	115	123
0	0
115	0	0	90	0.5		2	116	117
0	0
116	0	-30	14	0.15	0
0	0
117	1	0	7	0.85	2	119	118
0	0
118	0	100	7	0.5		0
0	0
119	0	10	7	0.5		3	120	122 145
0	0
120	0	-40	120	0.6		0
0	0
121	0	-40	120	0.6	0
0	0
122	2	0	120	0.1		0
0	0
123	1	0	90	0.5		3	124	126	125
0	0
124	0	200	14	0.5		0
0	0
125	2	0	14	0.5		0
0	0
126	0	10	14	0.5		3	121	127 146
0	0
127	2	0	120	0.1	0
0	0
128	1	0	30	0.6		3	129	130	131
0	0
129	0	150	14	0.5		0
0	0
130	2	0	14	0.5		0
0	0
131	0	20	14	0.5		2	132	139
0	0
132	0	0	90	0.5		2	133	134
0	0
133	0	-30	14	0.15	0
0	0
134	1	0	7	0.85	2	135	136
0	0
135	0	100	7	0.5		0
0	0
136	0	10	7	0.5		3	137	138 148
0	0
137	2	0	120	0.05	0
0	0
138	0	-40	120	0.65	0
0	0
139	1	0	90	0.5		3	141	142 140
0	0
140	0	200	14	0.5		0
0	0
141	2	0	14	0.5		0
0	0
142	0	10	14	0.5		3	143	144 147
0	0
143	2	0	120	0.05	0
0	0
144	0	-40	120	0.65	0
0	0
145	0	20	120	0.3		0
114	2
146	0	20	120	0.3		0
114	2
147	0	20	120	0.3		0
131	2
148	0	20	120	0.3		0
131	2