0	1	0	120	0.5	1	1
0	0
1	0	0	0	0.5	2	2	8
0	0
2	1	0	14	0.2	2	9	3
0	0
3	0	0	14	0.5	2	10	4
0	0
4	1	0	7	0.7	2	11	5
0	0
5	0	1	21	0.5	2	6	28
0	0
6	0	0	30	0.4	2	12	7
0	0
7	1	0	7	0.75	2	13	14
0	0
8	0	0	30	0.8	0
0	0
9	0	145	14	0.5	0
0	0
10	0	0	30	0.3	0
0	0
11	0	15	14	0.5	0
0	0
12	0	0	14	0.25	0
0	0
13	0	10	7	0.5	0
0	0
14	0	2	7	0.5	2	15	23
0	0
15	0	0	90	0.5	2	16	17
0	0
16	0	0	14	0.15	0
0	0
17	1	0	7	0.85	2	19	18
0	0
18	0	10	7	0.5	0
0	0
19	0	1	7	0.5	3	20	22 45
0	0
20	0	-3	120	0.35	0
0	0
21	0	-3	120	0.35	0
0	0
22	0	63	120	0.35	0
0	0
23	1	0	90	0.5	3	24	26	25
0	0
24	0	20	14	0.5	0
0	0
25	0	60	14	0.5	0
0	0
26	0	1	14	0.5	3	21	27 46
0	0
27	0	63	120	0.35	0
0	0
28	1	0	30	0.6	3	29	30	31
0	0
29	0	15	14	0.5	0
0	0
30	0	60	14	0.5	0
0	0
31	0	2	14	0.5	2	32	39
0	0
32	0	0	90	0.5	2	33	34
0	0
33	0	0	14	0.45	0
0	0
34	1	0	7	0.55	2	35	36
0	0
35	0	10	7	0.5	0
0	0
36	0	1	7	0.5	3	37	38 48
0	0
37	0	63	120	0.35	0
0	0
38	0	-3	120	0.35	0
0	0
39	1	0	90	0.5	3	41	42 40
0	0
40	0	20	14	0.5	0
0	0
41	0	60	14	0.5	0
0	0
42	0	1	14	0.5	3	43	44 47
0	0
43	0	63	120	0.35	0
0	0
44	0	-3	120	0.35	0
0	0
45	0	0	120	0.3	0
14	1
46	0	0	120	0.3	0
14	1
47	0	0	120	0.3	0
31	1
48	0	0	120	0.3	0
31	1
49	0	777	777	0.5	1 50
50	0	777	777	1	0
